family_id,assigned_day
0,52
1,26
2,100
3,2
4,53
5,32
6,88
7,25
8,18
9,88
10,92
11,19
12,98
13,54
14,45
15,22
16,46
17,47
18,75
19,3
20,3
21,56
22,61
23,19
24,75
25,16
26,58
27,38
28,27
29,8
30,68
31,74
32,24
33,32
34,46
35,31
36,47
37,15
38,13
39,9
40,25
41,92
42,81
43,11
44,49
45,5
46,15
47,45
48,32
49,33
50,50
51,28
52,33
53,37
54,69
55,91
56,12
57,31
58,74
59,39
60,98
61,18
62,39
63,63
64,3
65,47
66,1
67,94
68,85
69,22
70,32
71,71
72,66
73,10
74,28
75,53
76,79
77,20
78,52
79,37
80,18
81,17
82,8
83,88
84,9
85,54
86,29
87,25
88,57
89,23
90,54
91,17
92,85
93,5
94,47
95,24
96,75
97,96
98,3
99,23
100,39
101,53
102,29
103,68
104,47
105,12
106,34
107,12
108,34
109,17
110,22
111,68
112,13
113,18
114,15
115,22
116,77
117,94
118,69
119,4
120,56
121,17
122,24
123,22
124,14
125,47
126,3
127,2
128,56
129,43
130,16
131,11
132,76
133,54
134,18
135,5
136,88
137,82
138,2
139,89
140,61
141,89
142,26
143,38
144,28
145,18
146,64
147,28
148,63
149,61
150,60
151,3
152,88
153,3
154,25
155,100
156,44
157,87
158,13
159,55
160,40
161,47
162,86
163,84
164,18
165,97
166,84
167,93
168,19
169,67
170,12
171,24
172,21
173,55
174,34
175,17
176,52
177,13
178,80
179,2
180,20
181,7
182,94
183,17
184,4
185,80
186,50
187,43
188,10
189,51
190,9
191,54
192,77
193,35
194,95
195,55
196,100
197,59
198,90
199,51
200,26
201,35
202,23
203,38
204,67
205,1
206,28
207,47
208,10
209,71
210,23
211,67
212,10
213,52
214,31
215,1
216,43
217,5
218,38
219,68
220,1
221,17
222,36
223,60
224,4
225,61
226,59
227,49
228,87
229,48
230,57
231,48
232,47
233,92
234,82
235,53
236,37
237,3
238,19
239,14
240,33
241,60
242,60
243,89
244,35
245,13
246,50
247,66
248,33
249,14
250,7
251,97
252,18
253,73
254,18
255,12
256,93
257,74
258,92
259,60
260,37
261,83
262,32
263,48
264,11
265,11
266,32
267,18
268,39
269,30
270,67
271,73
272,43
273,38
274,8
275,15
276,69
277,3
278,54
279,38
280,23
281,22
282,17
283,9
284,20
285,5
286,54
287,47
288,63
289,66
290,56
291,80
292,66
293,23
294,46
295,10
296,39
297,48
298,19
299,32
300,5
301,45
302,4
303,27
304,86
305,58
306,2
307,32
308,47
309,19
310,64
311,59
312,43
313,37
314,39
315,45
316,53
317,25
318,49
319,10
320,7
321,95
322,82
323,48
324,33
325,1
326,26
327,46
328,10
329,19
330,93
331,17
332,10
333,23
334,22
335,68
336,89
337,24
338,74
339,45
340,13
341,58
342,54
343,89
344,30
345,66
346,1
347,59
348,5
349,19
350,74
351,27
352,93
353,25
354,87
355,85
356,51
357,55
358,11
359,90
360,55
361,34
362,81
363,12
364,99
365,4
366,93
367,17
368,93
369,72
370,93
371,26
372,98
373,9
374,75
375,6
376,26
377,82
378,25
379,65
380,99
381,27
382,48
383,12
384,3
385,29
386,15
387,39
388,32
389,54
390,40
391,53
392,60
393,36
394,11
395,8
396,72
397,52
398,37
399,5
400,3
401,52
402,63
403,17
404,48
405,54
406,3
407,68
408,21
409,81
410,81
411,83
412,25
413,62
414,26
415,24
416,96
417,10
418,32
419,26
420,60
421,69
422,24
423,74
424,4
425,30
426,36
427,24
428,40
429,2
430,5
431,15
432,45
433,1
434,62
435,1
436,11
437,64
438,25
439,6
440,39
441,33
442,29
443,14
444,26
445,74
446,27
447,19
448,82
449,18
450,60
451,33
452,87
453,51
454,11
455,1
456,26
457,70
458,46
459,66
460,30
461,27
462,58
463,71
464,46
465,46
466,36
467,3
468,42
469,93
470,17
471,38
472,14
473,56
474,22
475,33
476,56
477,60
478,5
479,34
480,78
481,72
482,30
483,78
484,26
485,30
486,11
487,26
488,40
489,16
490,28
491,73
492,95
493,16
494,95
495,56
496,56
497,16
498,71
499,46
500,27
501,21
502,56
503,22
504,81
505,16
506,38
507,13
508,35
509,37
510,82
511,43
512,58
513,64
514,3
515,14
516,42
517,60
518,24
519,24
520,4
521,66
522,32
523,4
524,74
525,19
526,59
527,16
528,100
529,25
530,61
531,45
532,4
533,26
534,14
535,72
536,91
537,23
538,83
539,9
540,31
541,86
542,22
543,53
544,12
545,79
546,80
547,60
548,88
549,44
550,73
551,3
552,35
553,45
554,53
555,10
556,98
557,94
558,20
559,47
560,18
561,20
562,27
563,76
564,82
565,91
566,45
567,76
568,80
569,25
570,11
571,98
572,62
573,77
574,63
575,94
576,81
577,31
578,18
579,77
580,49
581,42
582,20
583,35
584,87
585,3
586,78
587,8
588,51
589,82
590,90
591,55
592,40
593,23
594,61
595,19
596,88
597,81
598,47
599,43
600,15
601,2
602,12
603,58
604,15
605,12
606,12
607,81
608,94
609,91
610,51
611,57
612,10
613,96
614,61
615,58
616,44
617,80
618,2
619,42
620,79
621,1
622,99
623,75
624,78
625,47
626,33
627,3
628,83
629,62
630,95
631,10
632,33
633,51
634,24
635,30
636,21
637,40
638,26
639,30
640,43
641,81
642,73
643,12
644,19
645,10
646,48
647,57
648,48
649,65
650,47
651,46
652,16
653,95
654,10
655,73
656,68
657,48
658,35
659,69
660,54
661,80
662,18
663,6
664,24
665,34
666,48
667,81
668,10
669,61
670,18
671,67
672,44
673,17
674,76
675,2
676,4
677,95
678,32
679,23
680,27
681,61
682,15
683,40
684,26
685,34
686,18
687,51
688,88
689,67
690,38
691,8
692,13
693,8
694,96
695,8
696,69
697,85
698,10
699,35
700,14
701,70
702,7
703,56
704,60
705,14
706,95
707,18
708,46
709,98
710,39
711,14
712,36
713,25
714,10
715,58
716,49
717,7
718,31
719,32
720,8
721,45
722,19
723,92
724,57
725,69
726,18
727,3
728,6
729,32
730,17
731,68
732,92
733,50
734,8
735,17
736,79
737,12
738,50
739,65
740,1
741,81
742,99
743,65
744,41
745,25
746,60
747,25
748,46
749,65
750,96
751,54
752,36
753,30
754,36
755,12
756,4
757,73
758,22
759,97
760,23
761,48
762,87
763,17
764,4
765,32
766,16
767,82
768,92
769,44
770,25
771,91
772,12
773,2
774,26
775,99
776,84
777,46
778,3
779,67
780,77
781,9
782,67
783,52
784,75
785,56
786,96
787,6
788,15
789,52
790,59
791,5
792,88
793,100
794,32
795,30
796,81
797,1
798,35
799,3
800,57
801,17
802,13
803,19
804,57
805,11
806,49
807,72
808,52
809,2
810,69
811,75
812,95
813,53
814,27
815,1
816,54
817,53
818,4
819,32
820,90
821,36
822,34
823,35
824,8
825,29
826,28
827,71
828,80
829,70
830,36
831,8
832,41
833,1
834,56
835,17
836,31
837,87
838,94
839,12
840,24
841,92
842,69
843,14
844,69
845,5
846,76
847,95
848,42
849,50
850,19
851,13
852,31
853,55
854,14
855,51
856,70
857,11
858,1
859,9
860,55
861,57
862,1
863,82
864,4
865,19
866,24
867,3
868,33
869,11
870,57
871,100
872,11
873,5
874,23
875,82
876,97
877,63
878,4
879,65
880,53
881,41
882,47
883,1
884,33
885,6
886,81
887,83
888,30
889,99
890,65
891,1
892,17
893,63
894,78
895,44
896,29
897,1
898,26
899,81
900,73
901,7
902,33
903,19
904,24
905,5
906,73
907,34
908,90
909,36
910,57
911,10
912,68
913,59
914,94
915,55
916,81
917,60
918,1
919,99
920,26
921,31
922,6
923,51
924,43
925,71
926,33
927,74
928,40
929,18
930,2
931,35
932,12
933,73
934,38
935,26
936,31
937,27
938,46
939,37
940,31
941,23
942,57
943,82
944,87
945,22
946,72
947,28
948,84
949,86
950,20
951,88
952,54
953,46
954,80
955,63
956,16
957,16
958,24
959,42
960,50
961,53
962,44
963,33
964,1
965,83
966,6
967,63
968,2
969,86
970,97
971,13
972,90
973,82
974,44
975,1
976,18
977,54
978,59
979,4
980,38
981,12
982,14
983,96
984,2
985,44
986,76
987,41
988,11
989,97
990,50
991,20
992,54
993,46
994,39
995,35
996,57
997,50
998,3
999,80
1000,30
1001,25
1002,46
1003,29
1004,45
1005,31
1006,95
1007,1
1008,73
1009,42
1010,46
1011,24
1012,35
1013,11
1014,52
1015,9
1016,9
1017,5
1018,16
1019,75
1020,60
1021,75
1022,73
1023,60
1024,24
1025,71
1026,18
1027,54
1028,13
1029,41
1030,83
1031,30
1032,5
1033,52
1034,58
1035,40
1036,7
1037,66
1038,94
1039,66
1040,23
1041,96
1042,15
1043,16
1044,35
1045,20
1046,54
1047,15
1048,17
1049,31
1050,81
1051,59
1052,9
1053,84
1054,9
1055,81
1056,27
1057,72
1058,79
1059,1
1060,23
1061,65
1062,99
1063,25
1064,75
1065,1
1066,2
1067,75
1068,3
1069,98
1070,49
1071,94
1072,59
1073,32
1074,86
1075,8
1076,26
1077,14
1078,54
1079,59
1080,18
1081,13
1082,80
1083,96
1084,62
1085,31
1086,20
1087,22
1088,21
1089,60
1090,91
1091,56
1092,33
1093,67
1094,19
1095,19
1096,26
1097,55
1098,16
1099,59
1100,67
1101,68
1102,12
1103,74
1104,3
1105,45
1106,62
1107,75
1108,25
1109,5
1110,12
1111,100
1112,67
1113,62
1114,11
1115,31
1116,74
1117,7
1118,73
1119,34
1120,15
1121,97
1122,64
1123,26
1124,96
1125,26
1126,21
1127,68
1128,14
1129,32
1130,12
1131,24
1132,46
1133,3
1134,59
1135,100
1136,32
1137,3
1138,10
1139,42
1140,52
1141,9
1142,3
1143,87
1144,3
1145,53
1146,27
1147,62
1148,26
1149,59
1150,23
1151,25
1152,76
1153,17
1154,99
1155,75
1156,96
1157,15
1158,39
1159,17
1160,96
1161,60
1162,65
1163,18
1164,44
1165,79
1166,36
1167,83
1168,17
1169,25
1170,16
1171,55
1172,2
1173,55
1174,40
1175,34
1176,54
1177,52
1178,32
1179,69
1180,11
1181,56
1182,11
1183,66
1184,82
1185,52
1186,2
1187,75
1188,4
1189,94
1190,49
1191,43
1192,91
1193,4
1194,47
1195,43
1196,67
1197,5
1198,50
1199,16
1200,16
1201,11
1202,34
1203,100
1204,56
1205,9
1206,42
1207,26
1208,43
1209,6
1210,53
1211,49
1212,88
1213,50
1214,100
1215,94
1216,34
1217,41
1218,62
1219,39
1220,54
1221,77
1222,5
1223,58
1224,8
1225,25
1226,10
1227,18
1228,29
1229,21
1230,40
1231,87
1232,67
1233,45
1234,52
1235,45
1236,82
1237,43
1238,96
1239,50
1240,33
1241,60
1242,14
1243,58
1244,94
1245,10
1246,2
1247,81
1248,39
1249,65
1250,38
1251,29
1252,4
1253,72
1254,37
1255,93
1256,79
1257,88
1258,60
1259,66
1260,38
1261,27
1262,60
1263,91
1264,98
1265,83
1266,37
1267,23
1268,35
1269,28
1270,86
1271,95
1272,89
1273,27
1274,87
1275,71
1276,7
1277,49
1278,27
1279,57
1280,9
1281,76
1282,30
1283,29
1284,2
1285,70
1286,97
1287,1
1288,3
1289,39
1290,52
1291,34
1292,35
1293,77
1294,75
1295,93
1296,3
1297,96
1298,31
1299,11
1300,40
1301,9
1302,27
1303,80
1304,54
1305,65
1306,52
1307,60
1308,58
1309,57
1310,46
1311,45
1312,10
1313,88
1314,26
1315,2
1316,89
1317,26
1318,39
1319,43
1320,54
1321,16
1322,1
1323,96
1324,46
1325,23
1326,69
1327,14
1328,53
1329,5
1330,90
1331,92
1332,82
1333,53
1334,55
1335,71
1336,43
1337,78
1338,85
1339,77
1340,23
1341,13
1342,88
1343,34
1344,19
1345,32
1346,28
1347,5
1348,30
1349,54
1350,19
1351,9
1352,33
1353,11
1354,14
1355,54
1356,49
1357,82
1358,38
1359,16
1360,98
1361,2
1362,83
1363,99
1364,41
1365,68
1366,14
1367,2
1368,26
1369,93
1370,43
1371,85
1372,75
1373,3
1374,4
1375,41
1376,7
1377,18
1378,73
1379,93
1380,80
1381,43
1382,3
1383,26
1384,59
1385,87
1386,29
1387,48
1388,63
1389,74
1390,42
1391,74
1392,53
1393,11
1394,38
1395,17
1396,90
1397,2
1398,1
1399,59
1400,22
1401,10
1402,59
1403,63
1404,27
1405,56
1406,26
1407,44
1408,45
1409,95
1410,53
1411,54
1412,86
1413,86
1414,48
1415,97
1416,3
1417,73
1418,42
1419,9
1420,70
1421,23
1422,91
1423,2
1424,38
1425,80
1426,43
1427,70
1428,32
1429,63
1430,20
1431,49
1432,33
1433,100
1434,16
1435,99
1436,49
1437,47
1438,7
1439,69
1440,23
1441,17
1442,12
1443,3
1444,81
1445,46
1446,7
1447,11
1448,36
1449,51
1450,66
1451,50
1452,28
1453,81
1454,25
1455,58
1456,24
1457,88
1458,20
1459,53
1460,2
1461,58
1462,40
1463,96
1464,59
1465,98
1466,64
1467,20
1468,100
1469,88
1470,33
1471,48
1472,94
1473,60
1474,19
1475,94
1476,4
1477,79
1478,65
1479,70
1480,23
1481,9
1482,23
1483,85
1484,16
1485,44
1486,46
1487,64
1488,30
1489,40
1490,62
1491,97
1492,41
1493,41
1494,46
1495,81
1496,49
1497,20
1498,28
1499,88
1500,46
1501,96
1502,84
1503,12
1504,17
1505,44
1506,19
1507,18
1508,51
1509,32
1510,5
1511,28
1512,48
1513,40
1514,95
1515,77
1516,4
1517,8
1518,27
1519,75
1520,48
1521,20
1522,86
1523,1
1524,11
1525,52
1526,18
1527,47
1528,96
1529,46
1530,33
1531,26
1532,47
1533,99
1534,52
1535,18
1536,54
1537,49
1538,16
1539,52
1540,99
1541,15
1542,22
1543,16
1544,69
1545,80
1546,91
1547,47
1548,2
1549,25
1550,12
1551,65
1552,24
1553,53
1554,83
1555,37
1556,81
1557,64
1558,2
1559,29
1560,88
1561,17
1562,7
1563,6
1564,71
1565,82
1566,15
1567,37
1568,36
1569,63
1570,1
1571,91
1572,34
1573,82
1574,6
1575,59
1576,95
1577,74
1578,26
1579,3
1580,31
1581,10
1582,67
1583,31
1584,46
1585,5
1586,29
1587,88
1588,20
1589,53
1590,45
1591,89
1592,6
1593,1
1594,12
1595,50
1596,95
1597,97
1598,15
1599,87
1600,27
1601,22
1602,1
1603,7
1604,78
1605,1
1606,51
1607,76
1608,26
1609,21
1610,26
1611,68
1612,46
1613,17
1614,61
1615,51
1616,26
1617,52
1618,8
1619,46
1620,40
1621,71
1622,45
1623,14
1624,9
1625,84
1626,54
1627,13
1628,53
1629,60
1630,63
1631,18
1632,30
1633,1
1634,49
1635,95
1636,90
1637,67
1638,1
1639,83
1640,30
1641,12
1642,49
1643,81
1644,72
1645,36
1646,80
1647,68
1648,11
1649,46
1650,21
1651,4
1652,21
1653,6
1654,40
1655,85
1656,31
1657,56
1658,60
1659,1
1660,68
1661,39
1662,18
1663,36
1664,10
1665,36
1666,18
1667,53
1668,7
1669,8
1670,88
1671,87
1672,58
1673,39
1674,57
1675,88
1676,27
1677,27
1678,1
1679,35
1680,55
1681,33
1682,1
1683,7
1684,54
1685,73
1686,40
1687,21
1688,87
1689,39
1690,47
1691,92
1692,32
1693,47
1694,45
1695,100
1696,17
1697,61
1698,84
1699,12
1700,8
1701,73
1702,99
1703,69
1704,9
1705,10
1706,71
1707,73
1708,72
1709,56
1710,43
1711,34
1712,12
1713,30
1714,40
1715,17
1716,65
1717,11
1718,10
1719,23
1720,22
1721,43
1722,67
1723,21
1724,60
1725,7
1726,85
1727,90
1728,35
1729,46
1730,2
1731,15
1732,34
1733,11
1734,21
1735,1
1736,28
1737,7
1738,29
1739,89
1740,12
1741,27
1742,48
1743,5
1744,64
1745,74
1746,73
1747,84
1748,32
1749,68
1750,65
1751,31
1752,12
1753,64
1754,4
1755,66
1756,19
1757,75
1758,81
1759,12
1760,57
1761,42
1762,47
1763,25
1764,40
1765,22
1766,24
1767,36
1768,25
1769,24
1770,75
1771,85
1772,94
1773,61
1774,43
1775,26
1776,58
1777,24
1778,35
1779,29
1780,26
1781,1
1782,40
1783,16
1784,60
1785,17
1786,7
1787,49
1788,11
1789,23
1790,74
1791,27
1792,81
1793,12
1794,100
1795,23
1796,74
1797,9
1798,30
1799,1
1800,42
1801,56
1802,48
1803,9
1804,49
1805,98
1806,28
1807,66
1808,31
1809,29
1810,25
1811,67
1812,90
1813,62
1814,82
1815,25
1816,68
1817,45
1818,18
1819,3
1820,82
1821,68
1822,10
1823,75
1824,42
1825,82
1826,73
1827,32
1828,51
1829,30
1830,2
1831,18
1832,11
1833,10
1834,7
1835,6
1836,34
1837,1
1838,61
1839,57
1840,7
1841,10
1842,40
1843,66
1844,75
1845,55
1846,2
1847,82
1848,90
1849,21
1850,70
1851,74
1852,50
1853,4
1854,15
1855,49
1856,67
1857,33
1858,14
1859,91
1860,2
1861,44
1862,26
1863,17
1864,34
1865,37
1866,17
1867,16
1868,3
1869,9
1870,37
1871,41
1872,74
1873,19
1874,61
1875,74
1876,34
1877,32
1878,50
1879,93
1880,59
1881,49
1882,73
1883,29
1884,99
1885,98
1886,9
1887,59
1888,61
1889,75
1890,8
1891,42
1892,87
1893,19
1894,31
1895,95
1896,63
1897,34
1898,13
1899,27
1900,7
1901,97
1902,52
1903,10
1904,32
1905,53
1906,89
1907,33
1908,21
1909,93
1910,34
1911,67
1912,90
1913,53
1914,31
1915,59
1916,98
1917,17
1918,5
1919,1
1920,39
1921,29
1922,39
1923,84
1924,3
1925,89
1926,50
1927,18
1928,56
1929,38
1930,71
1931,4
1932,85
1933,76
1934,25
1935,27
1936,30
1937,69
1938,3
1939,94
1940,100
1941,60
1942,42
1943,6
1944,6
1945,48
1946,19
1947,13
1948,57
1949,33
1950,18
1951,69
1952,79
1953,26
1954,31
1955,63
1956,38
1957,33
1958,23
1959,50
1960,2
1961,32
1962,6
1963,2
1964,18
1965,32
1966,24
1967,15
1968,52
1969,27
1970,7
1971,94
1972,36
1973,33
1974,52
1975,43
1976,82
1977,77
1978,15
1979,97
1980,37
1981,59
1982,45
1983,28
1984,23
1985,79
1986,11
1987,76
1988,99
1989,17
1990,37
1991,97
1992,57
1993,67
1994,93
1995,63
1996,47
1997,90
1998,61
1999,27
2000,38
2001,17
2002,64
2003,19
2004,84
2005,96
2006,32
2007,6
2008,89
2009,7
2010,14
2011,28
2012,87
2013,14
2014,17
2015,22
2016,25
2017,37
2018,96
2019,94
2020,2
2021,88
2022,60
2023,48
2024,74
2025,12
2026,91
2027,36
2028,16
2029,2
2030,98
2031,54
2032,23
2033,47
2034,43
2035,23
2036,66
2037,16
2038,15
2039,22
2040,24
2041,80
2042,27
2043,35
2044,9
2045,43
2046,26
2047,99
2048,82
2049,30
2050,87
2051,10
2052,41
2053,62
2054,50
2055,10
2056,74
2057,39
2058,73
2059,53
2060,50
2061,4
2062,8
2063,38
2064,4
2065,39
2066,17
2067,67
2068,28
2069,17
2070,45
2071,35
2072,40
2073,4
2074,99
2075,2
2076,78
2077,9
2078,63
2079,16
2080,27
2081,37
2082,17
2083,25
2084,44
2085,19
2086,3
2087,92
2088,25
2089,83
2090,63
2091,67
2092,24
2093,22
2094,46
2095,13
2096,27
2097,71
2098,36
2099,61
2100,34
2101,1
2102,25
2103,36
2104,88
2105,30
2106,16
2107,87
2108,21
2109,15
2110,80
2111,97
2112,27
2113,14
2114,38
2115,87
2116,13
2117,27
2118,19
2119,42
2120,53
2121,50
2122,33
2123,61
2124,68
2125,87
2126,61
2127,52
2128,38
2129,11
2130,99
2131,40
2132,26
2133,57
2134,42
2135,43
2136,8
2137,88
2138,40
2139,33
2140,68
2141,56
2142,23
2143,36
2144,84
2145,1
2146,32
2147,67
2148,16
2149,48
2150,41
2151,32
2152,9
2153,32
2154,44
2155,96
2156,77
2157,29
2158,95
2159,26
2160,1
2161,74
2162,29
2163,94
2164,17
2165,64
2166,87
2167,44
2168,95
2169,8
2170,81
2171,25
2172,70
2173,33
2174,59
2175,30
2176,31
2177,18
2178,96
2179,15
2180,24
2181,63
2182,53
2183,43
2184,76
2185,87
2186,67
2187,30
2188,44
2189,53
2190,7
2191,90
2192,12
2193,7
2194,86
2195,60
2196,11
2197,49
2198,97
2199,3
2200,93
2201,33
2202,16
2203,98
2204,57
2205,44
2206,36
2207,53
2208,80
2209,23
2210,55
2211,20
2212,66
2213,33
2214,60
2215,33
2216,58
2217,41
2218,35
2219,19
2220,65
2221,6
2222,1
2223,24
2224,52
2225,58
2226,68
2227,66
2228,47
2229,3
2230,20
2231,43
2232,31
2233,8
2234,52
2235,47
2236,32
2237,21
2238,83
2239,19
2240,99
2241,59
2242,5
2243,10
2244,37
2245,30
2246,33
2247,75
2248,89
2249,74
2250,80
2251,18
2252,33
2253,8
2254,8
2255,98
2256,14
2257,60
2258,29
2259,28
2260,5
2261,66
2262,21
2263,33
2264,100
2265,7
2266,40
2267,21
2268,26
2269,32
2270,14
2271,46
2272,37
2273,33
2274,79
2275,7
2276,28
2277,24
2278,73
2279,4
2280,82
2281,88
2282,16
2283,50
2284,64
2285,81
2286,11
2287,95
2288,33
2289,61
2290,12
2291,30
2292,45
2293,47
2294,45
2295,49
2296,15
2297,76
2298,1
2299,13
2300,85
2301,45
2302,75
2303,81
2304,93
2305,39
2306,33
2307,23
2308,40
2309,58
2310,21
2311,4
2312,70
2313,24
2314,20
2315,35
2316,57
2317,4
2318,87
2319,73
2320,23
2321,13
2322,87
2323,68
2324,18
2325,25
2326,23
2327,10
2328,74
2329,78
2330,94
2331,84
2332,14
2333,30
2334,1
2335,61
2336,58
2337,41
2338,96
2339,90
2340,100
2341,13
2342,1
2343,59
2344,100
2345,6
2346,74
2347,40
2348,75
2349,24
2350,19
2351,44
2352,81
2353,32
2354,39
2355,59
2356,6
2357,44
2358,24
2359,79
2360,1
2361,45
2362,11
2363,82
2364,5
2365,94
2366,40
2367,56
2368,10
2369,30
2370,15
2371,20
2372,35
2373,1
2374,19
2375,80
2376,45
2377,47
2378,20
2379,76
2380,22
2381,16
2382,59
2383,61
2384,72
2385,53
2386,46
2387,80
2388,26
2389,30
2390,67
2391,32
2392,51
2393,18
2394,11
2395,24
2396,31
2397,45
2398,78
2399,10
2400,73
2401,67
2402,72
2403,46
2404,4
2405,25
2406,63
2407,52
2408,18
2409,7
2410,26
2411,1
2412,8
2413,15
2414,39
2415,72
2416,18
2417,51
2418,78
2419,1
2420,52
2421,66
2422,72
2423,72
2424,70
2425,3
2426,27
2427,50
2428,53
2429,12
2430,45
2431,42
2432,59
2433,56
2434,13
2435,14
2436,48
2437,97
2438,55
2439,35
2440,94
2441,22
2442,13
2443,29
2444,68
2445,20
2446,50
2447,35
2448,27
2449,19
2450,58
2451,62
2452,59
2453,13
2454,12
2455,48
2456,46
2457,41
2458,58
2459,89
2460,46
2461,2
2462,67
2463,16
2464,4
2465,28
2466,37
2467,1
2468,60
2469,26
2470,45
2471,79
2472,39
2473,51
2474,29
2475,23
2476,9
2477,27
2478,98
2479,58
2480,95
2481,3
2482,53
2483,85
2484,20
2485,28
2486,26
2487,12
2488,17
2489,74
2490,47
2491,13
2492,82
2493,76
2494,3
2495,12
2496,84
2497,11
2498,27
2499,46
2500,10
2501,77
2502,20
2503,37
2504,20
2505,24
2506,55
2507,66
2508,38
2509,9
2510,9
2511,10
2512,30
2513,34
2514,16
2515,61
2516,44
2517,17
2518,24
2519,2
2520,11
2521,58
2522,9
2523,53
2524,7
2525,29
2526,26
2527,89
2528,53
2529,64
2530,3
2531,40
2532,38
2533,41
2534,41
2535,37
2536,68
2537,94
2538,65
2539,14
2540,9
2541,53
2542,45
2543,95
2544,61
2545,33
2546,31
2547,31
2548,94
2549,97
2550,5
2551,20
2552,53
2553,11
2554,3
2555,59
2556,71
2557,74
2558,34
2559,26
2560,48
2561,16
2562,88
2563,80
2564,88
2565,33
2566,1
2567,9
2568,20
2569,29
2570,21
2571,12
2572,21
2573,45
2574,12
2575,10
2576,4
2577,75
2578,41
2579,81
2580,31
2581,10
2582,73
2583,19
2584,27
2585,98
2586,67
2587,37
2588,40
2589,32
2590,55
2591,34
2592,19
2593,1
2594,31
2595,22
2596,64
2597,2
2598,37
2599,10
2600,2
2601,10
2602,51
2603,10
2604,12
2605,10
2606,14
2607,52
2608,75
2609,72
2610,28
2611,71
2612,59
2613,9
2614,58
2615,53
2616,48
2617,59
2618,11
2619,25
2620,79
2621,8
2622,46
2623,16
2624,6
2625,33
2626,43
2627,26
2628,92
2629,59
2630,79
2631,19
2632,23
2633,90
2634,59
2635,76
2636,1
2637,30
2638,21
2639,12
2640,8
2641,23
2642,5
2643,85
2644,11
2645,42
2646,37
2647,59
2648,33
2649,14
2650,2
2651,2
2652,11
2653,33
2654,93
2655,6
2656,81
2657,24
2658,40
2659,31
2660,25
2661,16
2662,44
2663,24
2664,57
2665,80
2666,24
2667,85
2668,29
2669,19
2670,25
2671,41
2672,65
2673,15
2674,34
2675,100
2676,27
2677,50
2678,44
2679,17
2680,67
2681,89
2682,81
2683,75
2684,51
2685,44
2686,37
2687,40
2688,97
2689,48
2690,12
2691,11
2692,58
2693,28
2694,90
2695,47
2696,56
2697,19
2698,55
2699,60
2700,31
2701,31
2702,89
2703,44
2704,2
2705,26
2706,12
2707,23
2708,60
2709,68
2710,2
2711,79
2712,20
2713,48
2714,15
2715,100
2716,88
2717,6
2718,71
2719,11
2720,51
2721,5
2722,86
2723,58
2724,96
2725,52
2726,76
2727,38
2728,5
2729,52
2730,54
2731,88
2732,24
2733,25
2734,79
2735,28
2736,36
2737,73
2738,56
2739,51
2740,5
2741,34
2742,96
2743,26
2744,68
2745,54
2746,67
2747,58
2748,53
2749,31
2750,9
2751,28
2752,98
2753,85
2754,70
2755,96
2756,67
2757,67
2758,31
2759,92
2760,22
2761,4
2762,35
2763,31
2764,83
2765,29
2766,67
2767,95
2768,28
2769,74
2770,28
2771,38
2772,91
2773,8
2774,96
2775,5
2776,22
2777,16
2778,59
2779,15
2780,25
2781,34
2782,81
2783,34
2784,74
2785,68
2786,2
2787,40
2788,72
2789,87
2790,44
2791,26
2792,25
2793,47
2794,40
2795,48
2796,83
2797,100
2798,88
2799,1
2800,67
2801,47
2802,44
2803,37
2804,3
2805,21
2806,40
2807,51
2808,59
2809,29
2810,34
2811,44
2812,47
2813,25
2814,9
2815,20
2816,62
2817,2
2818,22
2819,84
2820,8
2821,81
2822,88
2823,15
2824,32
2825,49
2826,46
2827,39
2828,2
2829,8
2830,41
2831,33
2832,33
2833,45
2834,84
2835,19
2836,85
2837,89
2838,54
2839,3
2840,77
2841,17
2842,9
2843,20
2844,20
2845,10
2846,11
2847,36
2848,60
2849,19
2850,53
2851,61
2852,47
2853,11
2854,74
2855,16
2856,29
2857,60
2858,88
2859,81
2860,56
2861,59
2862,1
2863,10
2864,60
2865,68
2866,3
2867,38
2868,3
2869,18
2870,83
2871,4
2872,61
2873,74
2874,11
2875,16
2876,3
2877,53
2878,59
2879,38
2880,18
2881,100
2882,31
2883,74
2884,19
2885,18
2886,89
2887,57
2888,22
2889,17
2890,87
2891,3
2892,32
2893,13
2894,82
2895,89
2896,16
2897,47
2898,86
2899,10
2900,31
2901,94
2902,1
2903,22
2904,43
2905,89
2906,89
2907,5
2908,13
2909,43
2910,59
2911,17
2912,4
2913,47
2914,77
2915,17
2916,32
2917,28
2918,39
2919,88
2920,50
2921,98
2922,13
2923,53
2924,99
2925,2
2926,35
2927,81
2928,72
2929,11
2930,74
2931,17
2932,54
2933,45
2934,20
2935,70
2936,50
2937,58
2938,33
2939,13
2940,95
2941,41
2942,29
2943,66
2944,2
2945,3
2946,96
2947,47
2948,12
2949,24
2950,34
2951,28
2952,47
2953,61
2954,48
2955,24
2956,26
2957,28
2958,4
2959,45
2960,9
2961,42
2962,27
2963,86
2964,11
2965,83
2966,29
2967,17
2968,43
2969,79
2970,10
2971,29
2972,40
2973,21
2974,54
2975,53
2976,51
2977,15
2978,39
2979,32
2980,93
2981,47
2982,38
2983,32
2984,78
2985,75
2986,8
2987,61
2988,99
2989,36
2990,2
2991,4
2992,8
2993,2
2994,27
2995,46
2996,78
2997,34
2998,42
2999,98
3000,31
3001,63
3002,13
3003,13
3004,7
3005,94
3006,18
3007,37
3008,35
3009,82
3010,23
3011,12
3012,81
3013,44
3014,6
3015,32
3016,16
3017,25
3018,73
3019,26
3020,89
3021,40
3022,74
3023,36
3024,67
3025,81
3026,96
3027,64
3028,39
3029,58
3030,92
3031,28
3032,60
3033,48
3034,82
3035,67
3036,39
3037,94
3038,92
3039,39
3040,84
3041,67
3042,100
3043,73
3044,47
3045,12
3046,23
3047,75
3048,17
3049,22
3050,60
3051,96
3052,14
3053,77
3054,4
3055,17
3056,69
3057,4
3058,23
3059,24
3060,4
3061,47
3062,68
3063,25
3064,73
3065,97
3066,28
3067,9
3068,27
3069,3
3070,41
3071,19
3072,93
3073,46
3074,80
3075,49
3076,44
3077,14
3078,48
3079,4
3080,88
3081,14
3082,55
3083,1
3084,9
3085,54
3086,93
3087,96
3088,52
3089,60
3090,65
3091,18
3092,25
3093,12
3094,27
3095,52
3096,76
3097,73
3098,86
3099,83
3100,84
3101,79
3102,87
3103,95
3104,3
3105,19
3106,35
3107,35
3108,91
3109,17
3110,10
3111,73
3112,44
3113,25
3114,27
3115,85
3116,35
3117,30
3118,5
3119,37
3120,14
3121,47
3122,97
3123,77
3124,46
3125,14
3126,16
3127,2
3128,68
3129,54
3130,2
3131,39
3132,7
3133,94
3134,88
3135,99
3136,4
3137,39
3138,23
3139,89
3140,9
3141,31
3142,41
3143,97
3144,41
3145,27
3146,13
3147,9
3148,38
3149,47
3150,39
3151,1
3152,39
3153,56
3154,44
3155,51
3156,74
3157,79
3158,38
3159,81
3160,99
3161,100
3162,89
3163,63
3164,80
3165,26
3166,44
3167,45
3168,52
3169,61
3170,78
3171,71
3172,39
3173,90
3174,39
3175,81
3176,28
3177,7
3178,17
3179,1
3180,26
3181,46
3182,12
3183,9
3184,80
3185,21
3186,78
3187,47
3188,12
3189,47
3190,39
3191,1
3192,26
3193,54
3194,66
3195,1
3196,43
3197,51
3198,46
3199,64
3200,26
3201,92
3202,40
3203,100
3204,99
3205,41
3206,55
3207,7
3208,20
3209,56
3210,25
3211,28
3212,88
3213,28
3214,82
3215,25
3216,27
3217,88
3218,1
3219,55
3220,59
3221,14
3222,89
3223,25
3224,47
3225,46
3226,93
3227,91
3228,66
3229,38
3230,52
3231,33
3232,55
3233,20
3234,73
3235,24
3236,9
3237,55
3238,89
3239,27
3240,31
3241,80
3242,25
3243,45
3244,14
3245,51
3246,87
3247,1
3248,78
3249,11
3250,19
3251,38
3252,83
3253,73
3254,25
3255,1
3256,6
3257,1
3258,6
3259,95
3260,46
3261,57
3262,13
3263,45
3264,59
3265,70
3266,61
3267,24
3268,38
3269,18
3270,59
3271,26
3272,73
3273,77
3274,60
3275,8
3276,31
3277,90
3278,23
3279,9
3280,37
3281,63
3282,55
3283,18
3284,21
3285,76
3286,74
3287,29
3288,10
3289,29
3290,46
3291,90
3292,32
3293,20
3294,4
3295,84
3296,57
3297,15
3298,12
3299,49
3300,93
3301,9
3302,22
3303,52
3304,61
3305,14
3306,57
3307,50
3308,22
3309,20
3310,27
3311,36
3312,10
3313,77
3314,66
3315,14
3316,51
3317,66
3318,55
3319,20
3320,5
3321,96
3322,77
3323,26
3324,29
3325,43
3326,53
3327,37
3328,89
3329,1
3330,41
3331,17
3332,65
3333,31
3334,15
3335,20
3336,43
3337,1
3338,38
3339,52
3340,33
3341,10
3342,37
3343,15
3344,4
3345,49
3346,96
3347,58
3348,17
3349,3
3350,34
3351,67
3352,94
3353,5
3354,16
3355,8
3356,5
3357,29
3358,53
3359,62
3360,44
3361,21
3362,61
3363,20
3364,4
3365,19
3366,15
3367,38
3368,98
3369,43
3370,17
3371,12
3372,55
3373,33
3374,15
3375,17
3376,39
3377,57
3378,40
3379,20
3380,39
3381,10
3382,93
3383,3
3384,91
3385,86
3386,3
3387,44
3388,15
3389,19
3390,65
3391,52
3392,96
3393,1
3394,65
3395,100
3396,96
3397,15
3398,34
3399,44
3400,4
3401,5
3402,72
3403,1
3404,31
3405,51
3406,67
3407,7
3408,25
3409,70
3410,67
3411,29
3412,97
3413,68
3414,40
3415,51
3416,7
3417,46
3418,34
3419,38
3420,41
3421,46
3422,48
3423,72
3424,56
3425,6
3426,80
3427,53
3428,9
3429,17
3430,2
3431,14
3432,6
3433,98
3434,35
3435,87
3436,98
3437,90
3438,45
3439,88
3440,88
3441,39
3442,10
3443,83
3444,66
3445,77
3446,44
3447,52
3448,48
3449,51
3450,5
3451,66
3452,38
3453,19
3454,12
3455,63
3456,34
3457,37
3458,52
3459,52
3460,94
3461,85
3462,87
3463,30
3464,6
3465,24
3466,34
3467,6
3468,39
3469,28
3470,75
3471,46
3472,24
3473,28
3474,49
3475,6
3476,40
3477,46
3478,38
3479,87
3480,32
3481,20
3482,34
3483,53
3484,1
3485,6
3486,37
3487,83
3488,78
3489,85
3490,25
3491,64
3492,25
3493,28
3494,97
3495,49
3496,86
3497,12
3498,79
3499,10
3500,14
3501,13
3502,81
3503,74
3504,25
3505,33
3506,4
3507,64
3508,92
3509,63
3510,15
3511,96
3512,12
3513,87
3514,59
3515,24
3516,80
3517,28
3518,10
3519,62
3520,70
3521,36
3522,88
3523,25
3524,8
3525,34
3526,90
3527,55
3528,28
3529,52
3530,89
3531,94
3532,39
3533,18
3534,13
3535,28
3536,21
3537,96
3538,13
3539,93
3540,90
3541,40
3542,45
3543,34
3544,57
3545,76
3546,58
3547,89
3548,84
3549,12
3550,29
3551,4
3552,62
3553,47
3554,13
3555,75
3556,70
3557,60
3558,27
3559,54
3560,17
3561,78
3562,47
3563,36
3564,40
3565,22
3566,38
3567,29
3568,59
3569,2
3570,100
3571,21
3572,42
3573,14
3574,71
3575,97
3576,61
3577,66
3578,82
3579,93
3580,32
3581,53
3582,8
3583,49
3584,26
3585,72
3586,4
3587,5
3588,30
3589,1
3590,82
3591,59
3592,8
3593,42
3594,81
3595,18
3596,31
3597,80
3598,1
3599,5
3600,54
3601,84
3602,8
3603,94
3604,53
3605,55
3606,9
3607,1
3608,63
3609,23
3610,24
3611,88
3612,47
3613,82
3614,6
3615,13
3616,83
3617,84
3618,47
3619,32
3620,37
3621,18
3622,24
3623,17
3624,77
3625,23
3626,43
3627,39
3628,28
3629,49
3630,64
3631,35
3632,67
3633,66
3634,63
3635,30
3636,59
3637,95
3638,87
3639,17
3640,77
3641,76
3642,6
3643,66
3644,38
3645,87
3646,19
3647,47
3648,36
3649,12
3650,38
3651,24
3652,28
3653,61
3654,39
3655,31
3656,75
3657,22
3658,45
3659,82
3660,36
3661,2
3662,48
3663,33
3664,4
3665,25
3666,40
3667,23
3668,81
3669,76
3670,55
3671,26
3672,88
3673,33
3674,23
3675,51
3676,93
3677,89
3678,14
3679,21
3680,90
3681,17
3682,57
3683,16
3684,42
3685,75
3686,58
3687,85
3688,43
3689,45
3690,18
3691,18
3692,69
3693,46
3694,89
3695,68
3696,24
3697,98
3698,53
3699,19
3700,24
3701,50
3702,46
3703,4
3704,66
3705,33
3706,35
3707,16
3708,16
3709,30
3710,69
3711,76
3712,5
3713,54
3714,44
3715,66
3716,32
3717,84
3718,100
3719,29
3720,84
3721,62
3722,66
3723,60
3724,32
3725,11
3726,27
3727,57
3728,13
3729,99
3730,5
3731,36
3732,4
3733,85
3734,1
3735,81
3736,6
3737,38
3738,80
3739,90
3740,24
3741,94
3742,27
3743,80
3744,60
3745,25
3746,17
3747,54
3748,80
3749,38
3750,15
3751,53
3752,36
3753,21
3754,85
3755,22
3756,36
3757,11
3758,11
3759,53
3760,95
3761,22
3762,54
3763,34
3764,41
3765,62
3766,11
3767,35
3768,41
3769,26
3770,1
3771,40
3772,4
3773,17
3774,22
3775,20
3776,95
3777,16
3778,32
3779,18
3780,64
3781,58
3782,65
3783,46
3784,28
3785,82
3786,19
3787,10
3788,73
3789,11
3790,82
3791,43
3792,77
3793,43
3794,47
3795,20
3796,86
3797,13
3798,89
3799,4
3800,19
3801,23
3802,36
3803,60
3804,79
3805,27
3806,55
3807,8
3808,33
3809,45
3810,85
3811,7
3812,31
3813,49
3814,97
3815,70
3816,35
3817,80
3818,80
3819,91
3820,59
3821,36
3822,40
3823,10
3824,72
3825,99
3826,60
3827,34
3828,87
3829,68
3830,8
3831,4
3832,53
3833,38
3834,3
3835,66
3836,41
3837,18
3838,63
3839,30
3840,35
3841,15
3842,27
3843,40
3844,85
3845,42
3846,17
3847,89
3848,24
3849,61
3850,56
3851,30
3852,34
3853,38
3854,7
3855,74
3856,90
3857,69
3858,49
3859,95
3860,98
3861,69
3862,41
3863,17
3864,76
3865,89
3866,10
3867,49
3868,32
3869,9
3870,29
3871,2
3872,16
3873,2
3874,34
3875,1
3876,28
3877,40
3878,91
3879,32
3880,6
3881,12
3882,81
3883,34
3884,58
3885,9
3886,63
3887,15
3888,30
3889,55
3890,55
3891,37
3892,96
3893,2
3894,27
3895,7
3896,20
3897,38
3898,18
3899,60
3900,49
3901,87
3902,45
3903,6
3904,94
3905,61
3906,64
3907,19
3908,92
3909,3
3910,49
3911,61
3912,5
3913,99
3914,68
3915,94
3916,46
3917,33
3918,60
3919,15
3920,90
3921,58
3922,51
3923,1
3924,22
3925,11
3926,39
3927,12
3928,37
3929,38
3930,32
3931,1
3932,90
3933,4
3934,42
3935,94
3936,54
3937,55
3938,20
3939,7
3940,29
3941,45
3942,10
3943,47
3944,1
3945,65
3946,29
3947,23
3948,59
3949,39
3950,32
3951,16
3952,31
3953,68
3954,23
3955,5
3956,77
3957,55
3958,2
3959,37
3960,15
3961,21
3962,81
3963,14
3964,18
3965,97
3966,42
3967,33
3968,7
3969,51
3970,82
3971,88
3972,80
3973,29
3974,17
3975,9
3976,43
3977,9
3978,5
3979,80
3980,45
3981,84
3982,7
3983,48
3984,47
3985,65
3986,50
3987,99
3988,21
3989,29
3990,89
3991,97
3992,46
3993,6
3994,26
3995,37
3996,92
3997,16
3998,17
3999,60
4000,68
4001,25
4002,39
4003,20
4004,52
4005,30
4006,4
4007,7
4008,64
4009,33
4010,39
4011,21
4012,49
4013,52
4014,67
4015,1
4016,99
4017,22
4018,7
4019,73
4020,8
4021,51
4022,77
4023,36
4024,85
4025,88
4026,88
4027,74
4028,50
4029,68
4030,54
4031,34
4032,13
4033,56
4034,88
4035,8
4036,41
4037,28
4038,65
4039,2
4040,34
4041,47
4042,44
4043,20
4044,21
4045,11
4046,32
4047,89
4048,42
4049,60
4050,11
4051,13
4052,30
4053,5
4054,51
4055,86
4056,68
4057,78
4058,48
4059,32
4060,13
4061,21
4062,75
4063,66
4064,8
4065,47
4066,87
4067,24
4068,3
4069,53
4070,48
4071,52
4072,25
4073,44
4074,26
4075,46
4076,80
4077,66
4078,50
4079,38
4080,52
4081,44
4082,96
4083,26
4084,11
4085,44
4086,26
4087,30
4088,24
4089,66
4090,5
4091,73
4092,73
4093,7
4094,29
4095,76
4096,52
4097,81
4098,5
4099,76
4100,39
4101,3
4102,9
4103,37
4104,75
4105,4
4106,67
4107,95
4108,68
4109,51
4110,11
4111,31
4112,2
4113,52
4114,29
4115,87
4116,17
4117,63
4118,14
4119,8
4120,12
4121,26
4122,44
4123,42
4124,94
4125,68
4126,11
4127,1
4128,22
4129,70
4130,14
4131,69
4132,91
4133,12
4134,95
4135,96
4136,32
4137,42
4138,27
4139,46
4140,33
4141,45
4142,81
4143,14
4144,21
4145,96
4146,19
4147,17
4148,41
4149,39
4150,33
4151,69
4152,51
4153,32
4154,19
4155,1
4156,36
4157,42
4158,28
4159,4
4160,66
4161,32
4162,61
4163,47
4164,90
4165,87
4166,76
4167,61
4168,61
4169,71
4170,13
4171,57
4172,80
4173,72
4174,31
4175,32
4176,38
4177,42
4178,19
4179,80
4180,2
4181,24
4182,47
4183,22
4184,61
4185,14
4186,14
4187,97
4188,10
4189,48
4190,33
4191,1
4192,62
4193,7
4194,56
4195,31
4196,24
4197,39
4198,12
4199,1
4200,55
4201,66
4202,16
4203,17
4204,24
4205,95
4206,34
4207,27
4208,47
4209,83
4210,67
4211,57
4212,23
4213,85
4214,81
4215,58
4216,4
4217,62
4218,59
4219,53
4220,20
4221,1
4222,43
4223,48
4224,5
4225,25
4226,88
4227,18
4228,87
4229,10
4230,7
4231,80
4232,42
4233,32
4234,21
4235,1
4236,38
4237,38
4238,26
4239,84
4240,69
4241,40
4242,73
4243,79
4244,65
4245,45
4246,26
4247,8
4248,63
4249,48
4250,45
4251,59
4252,14
4253,86
4254,31
4255,34
4256,6
4257,23
4258,56
4259,53
4260,77
4261,8
4262,75
4263,78
4264,1
4265,28
4266,28
4267,60
4268,25
4269,76
4270,34
4271,41
4272,41
4273,5
4274,4
4275,21
4276,26
4277,29
4278,31
4279,21
4280,41
4281,18
4282,39
4283,8
4284,34
4285,20
4286,45
4287,80
4288,40
4289,72
4290,13
4291,11
4292,66
4293,58
4294,5
4295,19
4296,98
4297,56
4298,53
4299,35
4300,9
4301,5
4302,24
4303,35
4304,13
4305,74
4306,95
4307,20
4308,19
4309,5
4310,10
4311,20
4312,86
4313,31
4314,12
4315,56
4316,1
4317,31
4318,35
4319,16
4320,12
4321,39
4322,26
4323,69
4324,40
4325,40
4326,42
4327,33
4328,3
4329,44
4330,45
4331,11
4332,7
4333,99
4334,28
4335,57
4336,28
4337,28
4338,22
4339,75
4340,27
4341,91
4342,20
4343,68
4344,74
4345,10
4346,13
4347,89
4348,46
4349,56
4350,49
4351,59
4352,6
4353,55
4354,17
4355,59
4356,60
4357,94
4358,50
4359,71
4360,74
4361,24
4362,38
4363,84
4364,21
4365,30
4366,87
4367,92
4368,66
4369,74
4370,71
4371,53
4372,45
4373,45
4374,89
4375,15
4376,36
4377,18
4378,22
4379,39
4380,61
4381,28
4382,95
4383,48
4384,21
4385,51
4386,30
4387,17
4388,40
4389,35
4390,22
4391,9
4392,25
4393,31
4394,43
4395,19
4396,13
4397,22
4398,83
4399,3
4400,52
4401,17
4402,86
4403,30
4404,8
4405,40
4406,54
4407,25
4408,64
4409,81
4410,95
4411,31
4412,91
4413,82
4414,37
4415,29
4416,30
4417,8
4418,41
4419,22
4420,14
4421,70
4422,69
4423,86
4424,1
4425,79
4426,94
4427,14
4428,9
4429,83
4430,96
4431,67
4432,87
4433,16
4434,44
4435,52
4436,75
4437,67
4438,46
4439,62
4440,40
4441,75
4442,72
4443,52
4444,45
4445,40
4446,91
4447,32
4448,2
4449,47
4450,4
4451,45
4452,50
4453,92
4454,84
4455,5
4456,92
4457,94
4458,50
4459,20
4460,59
4461,11
4462,28
4463,31
4464,94
4465,80
4466,38
4467,96
4468,83
4469,15
4470,35
4471,40
4472,19
4473,69
4474,3
4475,3
4476,14
4477,45
4478,21
4479,25
4480,39
4481,19
4482,54
4483,50
4484,48
4485,86
4486,66
4487,45
4488,13
4489,42
4490,70
4491,35
4492,48
4493,56
4494,27
4495,55
4496,36
4497,57
4498,30
4499,5
4500,8
4501,47
4502,48
4503,4
4504,56
4505,74
4506,48
4507,30
4508,89
4509,28
4510,11
4511,7
4512,54
4513,92
4514,95
4515,5
4516,55
4517,22
4518,45
4519,5
4520,10
4521,70
4522,91
4523,88
4524,29
4525,59
4526,74
4527,79
4528,66
4529,45
4530,50
4531,95
4532,16
4533,82
4534,44
4535,16
4536,9
4537,66
4538,45
4539,48
4540,54
4541,54
4542,6
4543,72
4544,30
4545,46
4546,11
4547,78
4548,14
4549,65
4550,85
4551,38
4552,21
4553,11
4554,71
4555,15
4556,95
4557,89
4558,4
4559,9
4560,3
4561,44
4562,15
4563,59
4564,87
4565,3
4566,42
4567,12
4568,66
4569,91
4570,61
4571,96
4572,41
4573,57
4574,38
4575,12
4576,74
4577,48
4578,99
4579,97
4580,93
4581,12
4582,1
4583,12
4584,38
4585,31
4586,86
4587,4
4588,11
4589,94
4590,1
4591,4
4592,27
4593,50
4594,13
4595,37
4596,91
4597,82
4598,47
4599,53
4600,16
4601,6
4602,82
4603,19
4604,45
4605,38
4606,77
4607,54
4608,95
4609,6
4610,78
4611,21
4612,27
4613,70
4614,86
4615,14
4616,90
4617,52
4618,25
4619,85
4620,88
4621,82
4622,55
4623,68
4624,79
4625,25
4626,80
4627,3
4628,40
4629,100
4630,22
4631,31
4632,66
4633,53
4634,1
4635,18
4636,99
4637,30
4638,62
4639,71
4640,75
4641,52
4642,6
4643,51
4644,46
4645,31
4646,78
4647,35
4648,10
4649,21
4650,100
4651,35
4652,2
4653,21
4654,69
4655,33
4656,95
4657,66
4658,64
4659,28
4660,31
4661,66
4662,18
4663,75
4664,45
4665,43
4666,60
4667,40
4668,22
4669,54
4670,53
4671,6
4672,95
4673,9
4674,69
4675,43
4676,78
4677,13
4678,19
4679,1
4680,51
4681,86
4682,13
4683,41
4684,36
4685,17
4686,24
4687,19
4688,15
4689,7
4690,38
4691,82
4692,20
4693,58
4694,33
4695,15
4696,50
4697,89
4698,54
4699,79
4700,95
4701,31
4702,95
4703,33
4704,7
4705,23
4706,2
4707,47
4708,13
4709,38
4710,32
4711,51
4712,2
4713,12
4714,93
4715,38
4716,1
4717,21
4718,52
4719,30
4720,21
4721,45
4722,41
4723,6
4724,47
4725,23
4726,88
4727,58
4728,15
4729,81
4730,50
4731,40
4732,87
4733,58
4734,37
4735,49
4736,79
4737,6
4738,83
4739,46
4740,3
4741,18
4742,47
4743,13
4744,84
4745,55
4746,41
4747,26
4748,59
4749,80
4750,14
4751,87
4752,37
4753,52
4754,26
4755,59
4756,42
4757,74
4758,25
4759,13
4760,10
4761,68
4762,20
4763,49
4764,27
4765,66
4766,4
4767,29
4768,10
4769,31
4770,6
4771,20
4772,1
4773,45
4774,52
4775,6
4776,33
4777,89
4778,86
4779,92
4780,21
4781,5
4782,79
4783,64
4784,11
4785,42
4786,95
4787,18
4788,9
4789,94
4790,78
4791,73
4792,60
4793,17
4794,10
4795,62
4796,45
4797,6
4798,98
4799,1
4800,4
4801,49
4802,20
4803,91
4804,22
4805,6
4806,95
4807,75
4808,62
4809,51
4810,41
4811,11
4812,32
4813,30
4814,50
4815,46
4816,24
4817,38
4818,58
4819,39
4820,62
4821,33
4822,19
4823,61
4824,66
4825,87
4826,73
4827,44
4828,68
4829,51
4830,3
4831,30
4832,11
4833,54
4834,70
4835,51
4836,59
4837,29
4838,61
4839,39
4840,15
4841,9
4842,17
4843,22
4844,45
4845,89
4846,32
4847,26
4848,42
4849,33
4850,5
4851,1
4852,94
4853,46
4854,56
4855,61
4856,86
4857,8
4858,56
4859,96
4860,68
4861,73
4862,49
4863,59
4864,41
4865,54
4866,67
4867,16
4868,52
4869,60
4870,70
4871,43
4872,90
4873,33
4874,49
4875,19
4876,83
4877,10
4878,55
4879,75
4880,61
4881,4
4882,7
4883,8
4884,41
4885,29
4886,99
4887,58
4888,2
4889,12
4890,18
4891,56
4892,31
4893,5
4894,26
4895,21
4896,34
4897,20
4898,41
4899,78
4900,5
4901,78
4902,88
4903,58
4904,15
4905,36
4906,88
4907,34
4908,72
4909,6
4910,71
4911,20
4912,18
4913,19
4914,44
4915,70
4916,11
4917,3
4918,59
4919,52
4920,22
4921,71
4922,89
4923,11
4924,27
4925,14
4926,78
4927,67
4928,86
4929,3
4930,30
4931,43
4932,41
4933,46
4934,48
4935,25
4936,62
4937,51
4938,42
4939,25
4940,44
4941,25
4942,13
4943,30
4944,37
4945,42
4946,74
4947,79
4948,10
4949,8
4950,42
4951,3
4952,66
4953,39
4954,5
4955,18
4956,26
4957,64
4958,14
4959,19
4960,52
4961,54
4962,8
4963,59
4964,93
4965,14
4966,18
4967,49
4968,94
4969,89
4970,22
4971,8
4972,8
4973,87
4974,15
4975,83
4976,39
4977,54
4978,40
4979,55
4980,72
4981,44
4982,41
4983,16
4984,41
4985,25
4986,82
4987,22
4988,88
4989,92
4990,47
4991,45
4992,12
4993,62
4994,52
4995,16
4996,88
4997,32
4998,92
4999,13
